»»»»»»»»»»»»»»»»»»»»»»»»»»»»»»»»»»»» Hysteresis ««««««««««««««««««««««««««««««««««««
»»»  Executed Version:	5.51.0
»»»  Vision Version:	5.51.3 (R)
»»»  Vision Compiled:	8/27/25
»»»  Driver Version:	5.51.0
»»»  Windows Version:	Windows 7
»»»  Processor Information:	x86 (AMD or Intel) - 2 Processors
»»»  Tester Name:	PMF20724-485 (500V)
»»»  Tester S/N:	PMF20724-485
»»»  Internal Amp Type:	500V Rev D Slow
»»»  Internal Amp S/N:	  iAB5-000/D   
»»»  Execution Count:	1
»»»»»»»»»»»»»»»»»»»»»»»»»»»»»»»»»»»»»»»»»»««««««««««««««««««««««««««««««««««««««««««

Stored:	3/12/2026 - 15:52:43
Configured:	03/09/26 06:20:57 PM
Executed:	03/12/26 03:51:52 PM

»»»»»»»»»»»»»»»»»»»»»»»»»»»»»»»»»»» Sample Info ««««««««««««««««««««««««««««««««««««
Sample Name:	
Lot Name:	
Wafer Name:	
Die Row/Column:	0/0
Capacitor Number:	0
Sample Area (cm2):	3.14e-06
Sample Thickness (microns):	3.00e-02

Amplifier:	Internal

»»»»»»»»»»»»»»»»»»»»»»»»»»»»»»»»»»» Tester Info «««««««««««««««««««««««««««««««««««
Tester Name:	PMF20724-485 (500V)
Tester Serial Number:	PMF20724-485
Return Signal Amp. Level:	20.0 [Index: 0]

»»»»»»»»»»»»»»»»»»»»»»»»»»»»»»»» Hysteresis Info ««««««««««««««««««««««««««««««««««
Task Name:	'
Volts:	0.75
Field:	250.00 (kV/cm)
DCBias:	0.25
DCField:	83.33 (kV/cm)
Hysteresis Period (ms):	2.00e-01
Preset:	DisabledProfile:	Double Bipolar

»»»»»»»»»»»»»»»»»»»»»»»»»»»»»»»»»»»»»» Data «««««««««««««««««««««««««««««««««««««««
Points:	401

Valid Data

Point	Time (ms)	Drive Voltage	Measured Polarization (uC/cm2)	Capacitance (uF)	Normalized Capacitance (uF/cm2)	Dielectric Constant	Instantaneous Current (mA)
   1	0.0000e+00	0.2482	-5.338344	0.000052	16.512664	0.559464	0.001549
   2	5.0000e-04	0.2598	-5.091767	0.000052	16.512664	0.559464	0.001549
   3	1.0000e-03	0.2749	-4.801115	0.000061	19.464203	0.659465	0.001826
   4	1.5000e-03	0.2939	-4.459242	0.000072	22.894370	0.775682	0.002148
   5	2.0000e-03	0.3072	-4.032794	0.000090	28.558133	0.967576	0.002679
   6	2.5000e-03	0.3201	-3.531300	0.000106	33.583727	1.137847	0.003151
   7	3.0000e-03	0.3362	-2.835642	0.000146	46.586452	1.578392	0.004371
   8	3.5000e-03	0.3511	-2.038732	0.000168	53.367015	1.808123	0.005007
   9	4.0000e-03	0.3651	-1.073863	0.000203	64.614771	2.189208	0.006062
  10	4.5000e-03	0.3795	0.000596	0.000226	71.953733	2.437858	0.006751
  11	5.0000e-03	0.3940	0.954743	0.000201	63.896829	2.164883	0.005995
  12	5.5000e-03	0.4142	2.548563	0.000335	106.734029	3.616247	0.010014
  13	6.0000e-03	0.4276	3.527726	0.000206	65.572027	2.221640	0.006152
  14	6.5000e-03	0.4420	4.762997	0.000260	82.722861	2.802726	0.007761
  15	7.0000e-03	0.4553	5.913692	0.000242	77.059097	2.610833	0.007230
  16	7.5000e-03	0.4704	6.852354	0.000197	62.859802	2.129748	0.005898
  17	8.0000e-03	0.4863	7.989946	0.000239	76.181613	2.581103	0.007147
  18	8.5000e-03	0.5010	8.876196	0.000186	59.349864	2.010828	0.005568
  19	9.0000e-03	0.5176	9.849403	0.000205	65.173170	2.208127	0.006115
  20	9.5000e-03	0.5276	10.634401	0.000165	52.569301	1.781096	0.004932
  21	1.0000e-02	0.5457	11.397957	0.000161	51.133418	1.732447	0.004797
  22	1.0500e-02	0.5598	12.087660	0.000145	46.187596	1.564878	0.004333
  23	1.1000e-02	0.5760	12.653478	0.000119	37.891378	1.283795	0.003555
  24	1.1500e-02	0.5878	13.184751	0.000112	35.578010	1.205416	0.003338
  25	1.2000e-02	0.6042	13.721980	0.000113	35.976866	1.218929	0.003375
  26	1.2500e-02	0.6214	14.243724	0.000110	34.939839	1.183794	0.003278
  27	1.3000e-02	0.6341	14.437889	0.000041	13.002726	0.440544	0.001220
  28	1.3500e-02	0.6504	14.985839	0.000115	36.694808	1.243254	0.003443
  29	1.4000e-02	0.6660	15.394419	0.000086	27.361564	0.927035	0.002567
  30	1.4500e-02	0.6803	15.626703	0.000049	15.555408	0.527031	0.001459
  31	1.5000e-02	0.6936	15.991209	0.000077	24.410025	0.827034	0.002290
  32	1.5500e-02	0.7132	16.210389	0.000046	14.677923	0.497302	0.001377
  33	1.6000e-02	0.7244	16.492702	0.000059	18.905803	0.640546	0.001774
  34	1.6500e-02	0.7372	16.751191	0.000054	17.310377	0.586491	0.001624
  35	1.7000e-02	0.7549	16.988239	0.000050	15.874493	0.537842	0.001489
  36	1.7500e-02	0.7709	17.257450	0.000057	18.028319	0.610816	0.001691
  37	1.8000e-02	0.7870	17.461144	0.000043	13.640896	0.462166	0.001280
  38	1.8500e-02	0.7999	17.664839	0.000043	13.640896	0.462166	0.001280
  39	1.9000e-02	0.8163	17.913799	0.000052	16.672206	0.564870	0.001564
  40	1.9500e-02	0.8323	18.102008	0.000040	12.603869	0.427031	0.001183
  41	2.0000e-02	0.8450	18.343820	0.000051	16.193578	0.548653	0.001519
  42	2.0500e-02	0.8614	18.578486	0.000049	15.714951	0.532437	0.001474
  43	2.1000e-02	0.8784	18.847696	0.000057	18.028319	0.610816	0.001691
  44	2.1500e-02	0.8894	18.879858	0.000007	2.153826	0.072974	0.000202
  45	2.2000e-02	0.9045	19.071641	0.000040	12.843183	0.435139	0.001205
  46	2.2500e-02	0.9171	19.218158	0.000031	9.811873	0.332435	0.000921
  47	2.3000e-02	0.9344	19.442103	0.000047	14.997009	0.508112	0.001407
  48	2.3500e-02	0.9488	19.563605	0.000026	8.136675	0.275678	0.000763
  49	2.4000e-02	0.9637	19.761343	0.000042	13.242040	0.448652	0.001242
  50	2.4500e-02	0.9844	19.930493	0.000036	11.327528	0.383787	0.001063
  51	2.5000e-02	0.9937	20.110364	0.000038	12.045470	0.408112	0.001130
  52	2.5500e-02	0.9861	20.028171	0.000017	5.504221	0.186488	-0.000516
  53	2.6000e-02	0.9682	19.935258	0.000020	6.222163	0.210813	-0.000584
  54	2.6500e-02	0.9512	19.803035	0.000028	8.854617	0.300003	-0.000831
  55	2.7000e-02	0.9369	19.663665	0.000029	9.333245	0.316219	-0.000876
  56	2.7500e-02	0.9248	19.259850	0.000085	27.042478	0.916224	-0.002537
  57	2.8000e-02	0.9074	19.480221	-0.000046	-14.757695	-0.500004	0.001385
  58	2.8500e-02	0.8896	19.327748	0.000032	10.210729	0.345949	-0.000958
  59	2.9000e-02	0.8788	19.253894	0.000016	4.945822	0.167569	-0.000464
  60	2.9500e-02	0.8634	19.088318	0.000035	11.088214	0.375679	-0.001040
  61	3.0000e-02	0.8510	18.950139	0.000029	9.253473	0.313516	-0.000868
  62	3.0500e-02	0.8315	18.761930	0.000040	12.603869	0.427031	-0.001183
  63	3.1000e-02	0.8180	18.677355	0.000018	5.663764	0.191894	-0.000531
  64	3.1500e-02	0.8025	18.510588	0.000035	11.167985	0.378382	-0.001048
  65	3.2000e-02	0.7917	18.368835	0.000030	9.492787	0.321624	-0.000891
  66	3.2500e-02	0.7726	18.225892	0.000030	9.572559	0.324327	-0.000898
  67	3.3000e-02	0.7604	18.057933	0.000035	11.247756	0.381084	-0.001055
  68	3.3500e-02	0.7404	17.892357	0.000035	11.088214	0.375679	-0.001040
  69	3.4000e-02	0.7306	17.750605	0.000030	9.492787	0.321624	-0.000891
  70	3.4500e-02	0.7129	17.512366	0.000050	15.954264	0.540545	-0.001497
  71	3.5000e-02	0.7022	17.446850	0.000014	4.387423	0.148650	-0.000412
  72	3.5500e-02	0.6838	17.107359	0.000071	22.734827	0.770277	-0.002133
  73	3.6000e-02	0.6655	17.085917	0.000005	1.435884	0.048649	-0.000135
  74	3.6500e-02	0.6533	16.850061	0.000050	15.794722	0.535140	-0.001482
  75	3.7000e-02	0.6400	16.614204	0.000050	15.794722	0.535140	-0.001482
  76	3.7500e-02	0.6289	16.454584	0.000034	10.689357	0.362165	-0.001003
  77	3.8000e-02	0.6087	16.210389	0.000051	16.353121	0.554059	-0.001534
  78	3.8500e-02	0.5955	16.007885	0.000043	13.561125	0.459463	-0.001272
  79	3.9000e-02	0.5788	15.786323	0.000047	14.837466	0.502707	-0.001392
  80	3.9500e-02	0.5620	15.579055	0.000044	13.880210	0.470274	-0.001302
  81	4.0000e-02	0.5428	15.347963	0.000049	15.475637	0.524329	-0.001452
  82	4.0500e-02	0.5322	15.040634	0.000065	20.581001	0.697303	-0.001931
  83	4.1000e-02	0.5183	14.796439	0.000051	16.353121	0.554059	-0.001534
  84	4.1500e-02	0.5029	14.515317	0.000059	18.826032	0.637843	-0.001766
  85	4.2000e-02	0.4865	14.291372	0.000047	14.997009	0.508112	-0.001407
  86	4.2500e-02	0.4725	13.931631	0.000076	24.090939	0.816223	-0.002260
  87	4.3000e-02	0.4576	13.505183	0.000090	28.558133	0.967576	-0.002679
  88	4.3500e-02	0.4436	13.280047	0.000047	15.076780	0.510815	-0.001415
  89	4.4000e-02	0.4280	12.809524	0.000099	31.509672	1.067577	-0.002956
  90	4.4500e-02	0.4121	12.551035	0.000054	17.310377	0.586491	-0.001624
  91	4.5000e-02	0.3965	12.081704	0.000099	31.429901	1.064874	-0.002949
  92	4.5500e-02	0.3845	11.627858	0.000095	30.392874	1.029738	-0.002852
  93	4.6000e-02	0.3696	11.176395	0.000095	30.233331	1.024333	-0.002837
  94	4.6500e-02	0.3528	10.622489	0.000117	37.093665	1.256767	-0.003480
  95	4.7000e-02	0.3384	10.086451	0.000113	35.897095	1.216227	-0.003368
  96	4.7500e-02	0.3226	9.490853	0.000125	39.885661	1.351363	-0.003742
  97	4.8000e-02	0.3043	8.869049	0.000131	41.640630	1.410823	-0.003907
  98	4.8500e-02	0.2965	8.073330	0.000167	53.287243	1.805421	-0.005000
  99	4.9000e-02	0.2770	7.349083	0.000152	48.500964	1.643257	-0.004550
 100	4.9500e-02	0.2583	6.789221	0.000118	37.492522	1.270281	-0.003518
 101	5.0000e-02	0.2473	5.209695	0.000332	105.776774	3.583814	-0.009924
 102	5.0500e-02	0.2340	4.556920	0.000137	43.714685	1.481094	-0.004101
 103	5.1000e-02	0.2182	3.474123	0.000228	72.512132	2.456778	-0.006803
 104	5.1500e-02	0.2053	2.517592	0.000201	64.056372	2.170289	-0.006010
 105	5.2000e-02	0.1916	1.400251	0.000235	74.825500	2.535157	-0.007020
 106	5.2500e-02	0.1736	0.323410	0.000227	72.113275	2.443264	-0.006766
 107	5.3000e-02	0.1591	-0.846345	0.000246	78.335439	2.654077	-0.007350
 108	5.3500e-02	0.1414	-2.057791	0.000255	81.127435	2.748672	-0.007612
 109	5.4000e-02	0.1284	-3.244222	0.000250	79.452237	2.691915	-0.007454
 110	5.4500e-02	0.1126	-4.561684	0.000277	88.227083	2.989214	-0.008278
 111	5.5000e-02	0.0997	-5.709997	0.000242	76.899555	2.605427	-0.007215
 112	5.5500e-02	0.0842	-6.892855	0.000249	79.212923	2.683806	-0.007432
 113	5.6000e-02	0.0686	-7.956593	0.000224	71.235791	2.413534	-0.006683
 114	5.6500e-02	0.0571	-8.821401	0.000182	57.913980	1.962179	-0.005434
 115	5.7000e-02	0.0420	-10.234159	0.000297	94.608788	3.205433	-0.008876
 116	5.7500e-02	0.0227	-10.923861	0.000145	46.187596	1.564878	-0.004333
 117	5.8000e-02	0.0097	-11.604034	0.000143	45.549425	1.543256	-0.004274
 118	5.8500e-02	-0.0070	-12.212735	0.000128	40.763146	1.381093	-0.003824
 119	5.9000e-02	-0.0214	-12.621315	0.000086	27.361564	0.927035	-0.002567
 120	5.9500e-02	-0.0327	-13.116853	0.000104	33.184870	1.124334	-0.003113
 121	6.0000e-02	-0.0502	-13.475403	0.000075	24.011168	0.813520	-0.002253
 122	6.0500e-02	-0.0690	-13.830379	0.000075	23.771854	0.805412	-0.002230
 123	6.1000e-02	-0.0815	-14.098398	0.000056	17.948548	0.608113	-0.001684
 124	6.1500e-02	-0.0950	-14.430742	0.000070	22.256199	0.754060	-0.002088
 125	6.2000e-02	-0.1128	-14.699952	0.000057	18.028319	0.610816	-0.001691
 126	6.2500e-02	-0.1276	-14.947721	0.000052	16.592435	0.562167	-0.001557
 127	6.3000e-02	-0.1418	-15.162136	0.000045	14.358838	0.486491	-0.001347
 128	6.3500e-02	-0.1551	-15.426582	0.000056	17.709234	0.600005	-0.001662
 129	6.4000e-02	-0.1711	-15.768455	0.000072	22.894370	0.775682	-0.002148
 130	6.4500e-02	-0.1856	-15.942369	0.000037	11.646613	0.394598	-0.001093
 131	6.5000e-02	-0.2013	-15.995973	0.000011	3.589710	0.121623	-0.000337
 132	6.5500e-02	-0.2143	-16.362862	0.000077	24.569567	0.832439	-0.002305
 133	6.6000e-02	-0.2277	-16.509379	0.000031	9.811873	0.332435	-0.000921
 134	6.6500e-02	-0.2433	-16.735706	0.000048	15.156551	0.513518	-0.001422
 135	6.7000e-02	-0.2549	-16.932253	0.000041	13.162268	0.445950	-0.001235
 136	6.7500e-02	-0.2757	-17.131183	0.000042	13.321811	0.451355	-0.001250
 137	6.8000e-02	-0.2886	-17.357510	0.000048	15.156551	0.513518	-0.001422
 138	6.8500e-02	-0.3045	-17.589793	0.000049	15.555408	0.527031	-0.001459
 139	6.9000e-02	-0.3188	-17.747031	0.000033	10.529815	0.356760	-0.000988
 140	6.9500e-02	-0.3323	-17.920946	0.000037	11.646613	0.394598	-0.001093
 141	7.0000e-02	-0.3471	-18.135361	0.000045	14.358838	0.486491	-0.001347
 142	7.0500e-02	-0.3659	-18.273540	0.000029	9.253473	0.313516	-0.000868
 143	7.1000e-02	-0.3779	-18.433160	0.000034	10.689357	0.362165	-0.001003
 144	7.1500e-02	-0.3992	-18.680929	0.000052	16.592435	0.562167	-0.001557
 145	7.2000e-02	-0.4095	-18.604692	-0.000016	-5.105365	-0.172974	0.000479
 146	7.2500e-02	-0.4270	-18.884623	0.000059	18.746261	0.635141	-0.001759
 147	7.3000e-02	-0.4399	-19.091891	0.000044	13.880210	0.470274	-0.001302
 148	7.3500e-02	-0.4564	-19.256276	0.000035	11.008442	0.372976	-0.001033
 149	7.4000e-02	-0.4725	-19.382543	0.000027	8.455760	0.286489	-0.000793
 150	7.4500e-02	-0.4861	-19.505236	0.000026	8.216446	0.278381	-0.000771
 151	7.5000e-02	-0.5003	-19.661283	0.000033	10.450043	0.354057	-0.000980
 152	7.5500e-02	-0.4830	-19.604105	0.000012	3.829023	0.129731	0.000359
 153	7.6000e-02	-0.4729	-19.540972	0.000013	4.227880	0.143244	0.000397
 154	7.6500e-02	-0.4603	-19.438529	0.000022	6.860334	0.232434	0.000644
 155	7.7000e-02	-0.4436	-19.373014	0.000014	4.387423	0.148650	0.000412
 156	7.7500e-02	-0.4256	-19.281291	0.000019	6.142392	0.208110	0.000576
 157	7.8000e-02	-0.4150	-19.191952	0.000019	5.982849	0.202704	0.000561
 158	7.8500e-02	-0.4007	-19.118098	0.000016	4.945822	0.167569	0.000464
 159	7.9000e-02	-0.3828	-18.940609	0.000037	11.885927	0.402706	0.001115
 160	7.9500e-02	-0.3678	-18.806004	0.000028	9.014159	0.305408	0.000846
 161	8.0000e-02	-0.3526	-18.632090	0.000037	11.646613	0.394598	0.001093
 162	8.0500e-02	-0.3336	-18.649958	-0.000004	-1.196570	-0.040541	-0.000112
 163	8.1000e-02	-0.3240	-18.517735	0.000028	8.854617	0.300003	0.000831
 164	8.1500e-02	-0.3080	-18.420057	0.000021	6.541248	0.221623	0.000614
 165	8.2000e-02	-0.2946	-18.309276	0.000023	7.418733	0.251353	0.000696
 166	8.2500e-02	-0.2806	-18.162759	0.000031	9.811873	0.332435	0.000921
 167	8.3000e-02	-0.2631	-18.012668	0.000032	10.051187	0.340543	0.000943
 168	8.3500e-02	-0.2441	-17.882828	0.000027	8.695074	0.294597	0.000816
 169	8.4000e-02	-0.2348	-17.733928	0.000031	9.971415	0.337841	0.000936
 170	8.4500e-02	-0.2184	-17.568352	0.000035	11.088214	0.375679	0.001040
 171	8.5000e-02	-0.2029	-17.407540	0.000034	10.769129	0.364868	0.001010
 172	8.5500e-02	-0.1864	-17.232435	0.000037	11.726384	0.397301	0.001100
 173	8.6000e-02	-0.1723	-17.043034	0.000040	12.683640	0.429733	0.001190
 174	8.6500e-02	-0.1575	-16.759530	0.000060	18.985575	0.643249	0.001781
 175	8.7000e-02	-0.1456	-16.639219	0.000025	8.056904	0.272975	0.000756
 176	8.7500e-02	-0.1268	-16.453393	0.000039	12.444326	0.421625	0.001168
 177	8.8000e-02	-0.1141	-16.267566	0.000039	12.444326	0.421625	0.001168
 178	8.8500e-02	-0.0963	-16.015032	0.000053	16.911520	0.572978	0.001587
 179	8.9000e-02	-0.0854	-15.819676	0.000041	13.082497	0.443247	0.001227
 180	8.9500e-02	-0.0679	-15.564760	0.000054	17.071063	0.578383	0.001602
 181	9.0000e-02	-0.0527	-15.330095	0.000049	15.714951	0.532437	0.001474
 182	9.0500e-02	-0.0411	-15.056120	0.000058	18.347404	0.621627	0.001721
 183	9.1000e-02	-0.0246	-14.857190	0.000042	13.321811	0.451355	0.001250
 184	9.1500e-02	-0.0044	-14.609421	0.000052	16.592435	0.562167	0.001557
 185	9.2000e-02	0.0057	-14.392624	0.000046	14.518381	0.491896	0.001362
 186	9.2500e-02	0.0190	-14.149620	0.000051	16.273350	0.551356	0.001527
 187	9.3000e-02	0.0361	-13.920910	0.000048	15.316094	0.518923	0.001437
 188	9.3500e-02	0.0517	-13.652891	0.000056	17.948548	0.608113	0.001684
 189	9.4000e-02	0.0647	-13.389637	0.000055	17.629462	0.597302	0.001654
 190	9.4500e-02	0.0813	-13.221678	0.000035	11.247756	0.381084	0.001055
 191	9.5000e-02	0.0967	-12.906011	0.000066	21.139400	0.716222	0.001983
 192	9.5500e-02	0.1126	-12.459313	0.000094	29.914246	1.013522	0.002807
 193	9.6000e-02	0.1260	-12.232986	0.000048	15.156551	0.513518	0.001422
 194	9.6500e-02	0.1413	-11.850612	0.000080	25.606594	0.867575	0.002402
 195	9.7000e-02	0.1557	-11.474194	0.000079	25.207738	0.854061	0.002365
 196	9.7500e-02	0.1687	-11.057275	0.000088	27.919963	0.945954	0.002619
 197	9.8000e-02	0.1855	-10.579606	0.000100	31.988300	1.083793	0.003001
 198	9.8500e-02	0.2007	-10.107892	0.000099	31.589444	1.070279	0.002964
 199	9.9000e-02	0.2149	-9.531353	0.000121	38.609320	1.308119	0.003622
 200	9.9500e-02	0.2302	-8.929800	0.000127	40.284518	1.364876	0.003780
 201	1.0000e-01	0.2468	-8.248436	0.000143	45.629196	1.545959	0.004281
 202	1.0050e-01	0.2589	-7.546821	0.000148	46.985309	1.591905	0.004408
 203	1.0100e-01	0.2767	-7.082255	0.000098	31.110816	1.054063	0.002919
 204	1.0150e-01	0.2939	-5.593260	0.000313	99.714153	3.378407	0.009355
 205	1.0200e-01	0.3049	-4.845189	0.000157	50.096390	1.697312	0.004700
 206	1.0250e-01	0.3175	-4.006587	0.000176	56.159011	1.902719	0.005269
 207	1.0300e-01	0.3344	-3.150117	0.000180	57.355581	1.943260	0.005381
 208	1.0350e-01	0.3519	-2.199543	0.000200	63.657515	2.156775	0.005972
 209	1.0400e-01	0.3654	-1.082201	0.000235	74.825500	2.535157	0.007020
 210	1.0450e-01	0.3794	0.002978	0.000228	72.671675	2.462183	0.006818
 211	1.0500e-01	0.3960	1.283514	0.000269	85.754172	2.905430	0.008046
 212	1.0550e-01	0.4111	2.442547	0.000244	77.617497	2.629752	0.007282
 213	1.0600e-01	0.4259	3.649228	0.000254	80.808350	2.737861	0.007582
 214	1.0650e-01	0.4408	4.872587	0.000257	81.925148	2.775699	0.007686
 215	1.0700e-01	0.4508	6.086415	0.000255	81.286978	2.754077	0.007626
 216	1.0750e-01	0.4713	7.151344	0.000224	71.315562	2.416237	0.006691
 217	1.0800e-01	0.4844	8.209126	0.000223	70.836934	2.400020	0.006646
 218	1.0850e-01	0.4979	9.390792	0.000249	79.133152	2.681104	0.007424
 219	1.0900e-01	0.5179	10.209144	0.000172	54.802899	1.856772	0.005142
 220	1.0950e-01	0.5318	10.890508	0.000143	45.629196	1.545959	0.004281
 221	1.1000e-01	0.5453	11.601652	0.000150	47.623479	1.613527	0.004468
 222	1.1050e-01	0.5589	12.176999	0.000121	38.529549	1.305416	0.003615
 223	1.1100e-01	0.5737	12.838113	0.000139	44.273084	1.500013	0.004154
 224	1.1150e-01	0.5879	13.318165	0.000101	32.147843	1.089198	0.003016
 225	1.1200e-01	0.6043	13.823232	0.000106	33.823041	1.145956	0.003173
 226	1.1250e-01	0.6185	14.229430	0.000085	27.202021	0.921629	0.002552
 227	1.1300e-01	0.6345	14.599892	0.000078	24.808881	0.840548	0.002328
 228	1.1350e-01	0.6491	14.956059	0.000075	23.851625	0.808115	0.002238
 229	1.1400e-01	0.6642	15.380125	0.000089	28.398591	0.962170	0.002664
 230	1.1450e-01	0.6815	15.664821	0.000060	19.065346	0.645951	0.001789
 231	1.1500e-01	0.6983	15.932840	0.000056	17.948548	0.608113	0.001684
 232	1.1550e-01	0.7095	16.287816	0.000075	23.771854	0.805412	0.002230
 233	1.1600e-01	0.7268	16.410509	0.000026	8.216446	0.278381	0.000771
 234	1.1650e-01	0.7392	16.791692	0.000080	25.526823	0.864872	0.002395
 235	1.1700e-01	0.7565	17.063285	0.000057	18.187862	0.616221	0.001706
 236	1.1750e-01	0.7678	17.238391	0.000037	11.726384	0.397301	0.001100
 237	1.1800e-01	0.7835	17.484968	0.000052	16.512664	0.559464	0.001549
 238	1.1850e-01	0.8012	17.669603	0.000039	12.364555	0.418922	0.001160
 239	1.1900e-01	0.8130	17.914990	0.000052	16.432892	0.556761	0.001542
 240	1.1950e-01	0.8285	18.071036	0.000033	10.450043	0.354057	0.000980
 241	1.2000e-01	0.8434	18.265201	0.000041	13.002726	0.440544	0.001220
 242	1.2050e-01	0.8596	18.474852	0.000044	14.039753	0.475680	0.001317
 243	1.2100e-01	0.8762	18.716665	0.000051	16.193578	0.548653	0.001519
 244	1.2150e-01	0.8891	18.853652	0.000029	9.173702	0.310813	0.000861
 245	1.2200e-01	0.9033	19.003743	0.000032	10.051187	0.340543	0.000943
 246	1.2250e-01	0.9199	19.193143	0.000040	12.683640	0.429733	0.001190
 247	1.2300e-01	0.9341	19.462353	0.000057	18.028319	0.610816	0.001691
 248	1.2350e-01	0.9524	19.510001	0.000010	3.190853	0.108109	0.000299
 249	1.2400e-01	0.9631	19.831624	0.000068	21.538257	0.729736	0.002021
 250	1.2450e-01	0.9805	19.897140	0.000014	4.387423	0.148650	0.000412
 251	1.2500e-01	0.9958	20.060334	0.000034	10.928671	0.370273	0.001025
 252	1.2550e-01	0.9850	19.943596	0.000025	7.817590	0.264867	-0.000733
 253	1.2600e-01	0.9681	19.895948	0.000010	3.190853	0.108109	-0.000299
 254	1.2650e-01	0.9530	19.693445	0.000043	13.561125	0.459463	-0.001272
 255	1.2700e-01	0.9359	19.629121	0.000014	4.307651	0.145947	-0.000404
 256	1.2750e-01	0.9250	19.531443	0.000021	6.541248	0.221623	-0.000614
 257	1.2800e-01	0.9076	19.400411	0.000028	8.774845	0.297300	-0.000823
 258	1.2850e-01	0.8932	19.233644	0.000035	11.167985	0.378382	-0.001048
 259	1.2900e-01	0.8771	19.108568	0.000026	8.375989	0.283786	-0.000786
 260	1.2950e-01	0.8617	18.998978	0.000023	7.338962	0.248651	-0.000689
 261	1.3000e-01	0.8469	18.871520	0.000027	8.535531	0.289192	-0.000801
 262	1.3050e-01	0.8337	18.670208	0.000042	13.481353	0.456761	-0.001265
 263	1.3100e-01	0.8157	18.451028	0.000046	14.677923	0.497302	-0.001377
 264	1.3150e-01	0.8034	18.278305	0.000036	11.566842	0.391895	-0.001085
 265	1.3200e-01	0.7876	18.323570	-0.000010	-3.031310	-0.102704	0.000284
 266	1.3250e-01	0.7732	18.154420	0.000036	11.327528	0.383787	-0.001063
 267	1.3300e-01	0.7559	17.975741	0.000038	11.965698	0.405409	-0.001123
 268	1.3350e-01	0.7397	17.797061	0.000038	11.965698	0.405409	-0.001123
 269	1.3400e-01	0.7278	17.643397	0.000032	10.290501	0.348652	-0.000965
 270	1.3450e-01	0.7171	17.486159	0.000033	10.529815	0.356760	-0.000988
 271	1.3500e-01	0.7013	17.339642	0.000031	9.811873	0.332435	-0.000921
 272	1.3550e-01	0.6821	17.147860	0.000040	12.843183	0.435139	-0.001205
 273	1.3600e-01	0.6715	16.946548	0.000042	13.481353	0.456761	-0.001265
 274	1.3650e-01	0.6525	16.763103	0.000039	12.284784	0.416220	-0.001153
 275	1.3700e-01	0.6372	16.572512	0.000040	12.763412	0.432436	-0.001197
 276	1.3750e-01	0.6210	16.352141	0.000046	14.757695	0.500004	-0.001385
 277	1.3800e-01	0.6077	16.241360	0.000023	7.418733	0.251353	-0.000696
 278	1.3850e-01	0.5954	15.737484	0.000106	33.743269	1.143253	-0.003166
 279	1.3900e-01	0.5821	15.688645	0.000010	3.270624	0.110812	-0.000307
 280	1.3950e-01	0.5622	15.517113	0.000036	11.487070	0.389192	-0.001078
 281	1.4000e-01	0.5463	15.203828	0.000066	20.979858	0.710817	-0.001968
 282	1.4050e-01	0.5316	15.003707	0.000042	13.401582	0.454058	-0.001257
 283	1.4100e-01	0.5143	14.748791	0.000054	17.071063	0.578383	-0.001602
 284	1.4150e-01	0.5040	14.443845	0.000064	20.421459	0.691898	-0.001916
 285	1.4200e-01	0.4880	14.132943	0.000065	20.820315	0.705411	-0.001953
 286	1.4250e-01	0.4739	13.850630	0.000059	18.905803	0.640546	-0.001774
 287	1.4300e-01	0.4585	13.558787	0.000061	19.543974	0.662168	-0.001834
 288	1.4350e-01	0.4427	13.189516	0.000078	24.729110	0.837845	-0.002320
 289	1.4400e-01	0.4292	12.817863	0.000078	24.888653	0.843250	-0.002335
 290	1.4450e-01	0.4117	12.465269	0.000074	23.612311	0.800007	-0.002215
 291	1.4500e-01	0.3991	12.069792	0.000083	26.484079	0.897305	-0.002485
 292	1.4550e-01	0.3828	11.688609	0.000080	25.526823	0.864872	-0.002395
 293	1.4600e-01	0.3701	10.877405	0.000171	54.324271	1.840556	-0.005097
 294	1.4650e-01	0.3526	10.603430	0.000058	18.347404	0.621627	-0.001721
 295	1.4700e-01	0.3381	9.880374	0.000152	48.421193	1.640554	-0.004543
 296	1.4750e-01	0.3270	9.368160	0.000108	34.301669	1.162172	-0.003218
 297	1.4800e-01	0.3048	8.768988	0.000126	40.124975	1.359471	-0.003765
 298	1.4850e-01	0.2919	8.070947	0.000147	46.745995	1.583797	-0.004386
 299	1.4900e-01	0.2783	7.331215	0.000156	49.537991	1.678393	-0.004648
 300	1.4950e-01	0.2682	6.461642	0.000183	58.233065	1.972990	-0.005464
 301	1.5000e-01	0.2518	5.598025	0.000182	57.834209	1.959476	-0.005426
 302	1.5050e-01	0.2342	4.676039	0.000194	61.743004	2.091910	-0.005793
 303	1.5100e-01	0.2200	3.725465	0.000200	63.657515	2.156775	-0.005972
 304	1.5150e-01	0.2062	2.641477	0.000228	72.591903	2.459480	-0.006811
 305	1.5200e-01	0.1856	1.588460	0.000222	70.517849	2.389209	-0.006616
 306	1.5250e-01	0.1743	0.480648	0.000233	74.187330	2.513535	-0.006960
 307	1.5300e-01	0.1566	-1.162012	0.000346	110.004654	3.727059	-0.010321
 308	1.5350e-01	0.1450	-2.199543	0.000218	69.480822	2.354074	-0.006519
 309	1.5400e-01	0.1332	-3.664714	0.000308	98.118727	3.324352	-0.009206
 310	1.5450e-01	0.1134	-4.730834	0.000224	71.395334	2.418939	-0.006698
 311	1.5500e-01	0.0980	-5.820778	0.000229	72.990760	2.472994	-0.006848
 312	1.5550e-01	0.0840	-7.031033	0.000255	81.047664	2.745969	-0.007604
 313	1.5600e-01	0.0700	-8.118595	0.000229	72.831217	2.467588	-0.006833
 314	1.5650e-01	0.0567	-9.177568	0.000223	70.916706	2.402723	-0.006654
 315	1.5700e-01	0.0372	-10.017361	0.000177	56.238782	1.905422	-0.005276
 316	1.5750e-01	0.0259	-10.948877	0.000196	62.381174	2.113531	-0.005853
 317	1.5800e-01	0.0068	-11.654064	0.000148	47.224623	1.600014	-0.004431
 318	1.5850e-01	-0.0076	-12.358061	0.000148	47.144852	1.597311	-0.004423
 319	1.5900e-01	-0.0190	-12.829775	0.000099	31.589444	1.070279	-0.002964
 320	1.5950e-01	-0.0347	-13.307444	0.000100	31.988300	1.083793	-0.003001
 321	1.6000e-01	-0.0467	-13.665994	0.000075	24.011168	0.813520	-0.002253
 322	1.6050e-01	-0.0664	-14.005485	0.000071	22.734827	0.770277	-0.002133
 323	1.6100e-01	-0.0803	-14.393815	0.000082	26.005451	0.881089	-0.002440
 324	1.6150e-01	-0.0971	-14.698761	0.000064	20.421459	0.691898	-0.001916
 325	1.6200e-01	-0.1080	-14.938191	0.000050	16.034036	0.543248	-0.001504
 326	1.6250e-01	-0.1248	-15.147842	0.000044	14.039753	0.475680	-0.001317
 327	1.6300e-01	-0.1403	-15.357492	0.000044	14.039753	0.475680	-0.001317
 328	1.6350e-01	-0.1583	-15.592158	0.000049	15.714951	0.532437	-0.001474
 329	1.6400e-01	-0.1717	-15.857795	0.000056	17.789005	0.602708	-0.001669
 330	1.6450e-01	-0.1856	-16.062680	0.000043	13.720667	0.464869	-0.001287
 331	1.6500e-01	-0.2012	-16.244933	0.000038	12.205012	0.413517	-0.001145
 332	1.6550e-01	-0.2138	-16.493893	0.000052	16.672206	0.564870	-0.001564
 333	1.6600e-01	-0.2330	-16.673764	0.000038	12.045470	0.408112	-0.001130
 334	1.6650e-01	-0.2471	-16.908429	0.000049	15.714951	0.532437	-0.001474
 335	1.6700e-01	-0.2610	-17.104977	0.000041	13.162268	0.445950	-0.001235
 336	1.6750e-01	-0.2763	-17.381334	0.000058	18.506947	0.627032	-0.001736
 337	1.6800e-01	-0.2928	-17.414688	0.000007	2.233597	0.075676	-0.000210
 338	1.6850e-01	-0.3056	-17.601705	0.000039	12.524098	0.424328	-0.001175
 339	1.6900e-01	-0.3175	-17.920946	0.000067	21.378714	0.724330	-0.002006
 340	1.6950e-01	-0.3331	-18.094860	0.000037	11.646613	0.394598	-0.001093
 341	1.7000e-01	-0.3497	-18.293790	0.000042	13.321811	0.451355	-0.001250
 342	1.7050e-01	-0.3670	-18.416483	0.000026	8.216446	0.278381	-0.000771
 343	1.7100e-01	-0.3771	-18.610648	0.000041	13.002726	0.440544	-0.001220
 344	1.7150e-01	-0.3930	-18.780989	0.000036	11.407299	0.386490	-0.001070
 345	1.7200e-01	-0.4089	-18.902491	0.000026	8.136675	0.275678	-0.000763
 346	1.7250e-01	-0.4244	-19.087127	0.000039	12.364555	0.418922	-0.001160
 347	1.7300e-01	-0.4407	-19.230070	0.000030	9.572559	0.324327	-0.000898
 348	1.7350e-01	-0.4544	-19.343234	0.000024	7.578276	0.256759	-0.000711
 349	1.7400e-01	-0.4695	-19.502854	0.000034	10.689357	0.362165	-0.001003
 350	1.7450e-01	-0.4829	-19.700592	0.000042	13.242040	0.448652	-0.001242
 351	1.7500e-01	-0.4984	-20.060334	0.000076	24.090939	0.816223	-0.002260
 352	1.7550e-01	-0.4893	-19.789932	0.000057	18.108090	0.613519	0.001699
 353	1.7600e-01	-0.4752	-19.694636	0.000020	6.381706	0.216218	0.000599
 354	1.7650e-01	-0.4613	-19.591002	0.000022	6.940105	0.235137	0.000651
 355	1.7700e-01	-0.4397	-19.539781	0.000011	3.430167	0.116217	0.000322
 356	1.7750e-01	-0.4275	-19.450441	0.000019	5.982849	0.202704	0.000561
 357	1.7800e-01	-0.4128	-19.309880	0.000030	9.413016	0.318922	0.000883
 358	1.7850e-01	-0.4005	-19.228879	0.000017	5.424450	0.183785	0.000509
 359	1.7900e-01	-0.3832	-19.141922	0.000018	5.823307	0.197299	0.000546
 360	1.7950e-01	-0.3698	-19.032331	0.000023	7.338962	0.248651	0.000689
 361	1.8000e-01	-0.3542	-18.926315	0.000022	7.099648	0.240543	0.000666
 362	1.8050e-01	-0.3422	-18.791710	0.000028	9.014159	0.305408	0.000846
 363	1.8100e-01	-0.3235	-18.686885	0.000022	7.019876	0.237840	0.000659
 364	1.8150e-01	-0.3068	-18.559427	0.000027	8.535531	0.289192	0.000801
 365	1.8200e-01	-0.2946	-18.404571	0.000033	10.370272	0.351354	0.000973
 366	1.8250e-01	-0.2773	-18.286643	0.000025	7.897361	0.267570	0.000741
 367	1.8300e-01	-0.2622	-18.340247	-0.000011	-3.589710	-0.121623	-0.000337
 368	1.8350e-01	-0.2484	-18.081757	0.000054	17.310377	0.586491	0.001624
 369	1.8400e-01	-0.2345	-17.849474	0.000049	15.555408	0.527031	0.001459
 370	1.8450e-01	-0.2165	-17.718442	0.000028	8.774845	0.297300	0.000823
 371	1.8500e-01	-0.2042	-17.540954	0.000037	11.885927	0.402706	0.001115
 372	1.8550e-01	-0.1875	-17.419452	0.000026	8.136675	0.275678	0.000763
 373	1.8600e-01	-0.1746	-17.175257	0.000051	16.353121	0.554059	0.001534
 374	1.8650e-01	-0.1582	-17.000151	0.000037	11.726384	0.397301	0.001100
 375	1.8700e-01	-0.1423	-16.811942	0.000040	12.603869	0.427031	0.001183
 376	1.8750e-01	-0.1288	-16.614204	0.000042	13.242040	0.448652	0.001242
 377	1.8800e-01	-0.1117	-16.424804	0.000040	12.683640	0.429733	0.001190
 378	1.8850e-01	-0.1000	-16.173461	0.000053	16.831749	0.570275	0.001579
 379	1.8900e-01	-0.0845	-15.919737	0.000053	16.991292	0.575681	0.001594
 380	1.8950e-01	-0.0701	-15.644571	0.000058	18.427175	0.624330	0.001729
 381	1.9000e-01	-0.0498	-15.513539	0.000028	8.774845	0.297300	0.000823
 382	1.9050e-01	-0.0391	-15.140695	0.000078	24.968424	0.845953	0.002343
 383	1.9100e-01	-0.0266	-14.897691	0.000051	16.273350	0.551356	0.001527
 384	1.9150e-01	-0.0101	-14.686849	0.000044	14.119524	0.478382	0.001325
 385	1.9200e-01	0.0076	-14.458139	0.000048	15.316094	0.518923	0.001437
 386	1.9250e-01	0.0204	-14.238959	0.000046	14.677923	0.497302	0.001377
 387	1.9300e-01	0.0394	-14.013823	0.000047	15.076780	0.510815	0.001415
 388	1.9350e-01	0.0486	-13.767246	0.000052	16.512664	0.559464	0.001549
 389	1.9400e-01	0.0673	-13.530198	0.000050	15.874493	0.537842	0.001489
 390	1.9450e-01	0.0805	-13.250267	0.000059	18.746261	0.635141	0.001759
 391	1.9500e-01	0.0980	-12.931026	0.000067	21.378714	0.724330	0.002006
 392	1.9550e-01	0.1165	-12.658243	0.000057	18.267633	0.618924	0.001714
 393	1.9600e-01	0.1254	-12.321134	0.000071	22.575284	0.764871	0.002118
 394	1.9650e-01	0.1389	-11.980452	0.000072	22.814598	0.772980	0.002141
 395	1.9700e-01	0.1580	-11.534945	0.000094	29.834475	1.010819	0.002799
 396	1.9750e-01	0.1712	-10.989377	0.000115	36.535266	1.237848	0.003428
 397	1.9800e-01	0.1877	-10.783300	0.000043	13.800439	0.467572	0.001295
 398	1.9850e-01	0.2008	-10.050715	0.000154	49.059363	1.662176	0.004603
 399	1.9900e-01	0.2148	-9.595678	0.000096	30.472645	1.032441	0.002859
 400	1.9950e-01	0.2367	-8.971491	0.000131	41.800173	1.416228	0.003922
 401	2.0000e-01	0.2450	-8.363982	0.000131	41.800173	1.416228	0.003817

Center data before PMax,+/-Pr and +/-Vc Calc.

PMax (uC/cm2):	2.01e+01
Pr (uC/cm2):	-1.20e+01
-Pr (uC/cm2):	-8.36e+00
PLoss (uC/cm2):	-1.16e-01
-Vc:	1.69e-01
C (Max-Eff) (nF):	6.33e-02
K (Eff):	6.83e+02
Vert. (+/-Pr) Shift (uC/cm2):	-1.02e+01
Offset (uC/cm2):	5.32e+00

A (Loop Area - uC/cm2·Volts):	6.14e+00



Hysteresis Version: 5.51.0 - Radiant Technologies, Inc., 1999 - 6/16/25

